albedo: 0.25
solar_radiation(w/m2)
0
0
0
1.56116666666667
0
5.12238333333333
82.6750666666667
203.163633333333
327.495616666667
324.812516666667
357.143133333333
472.663750000000
771.235566666667
766.077050000000
693.122450000000
841.910550000000
644.613700000000
193.707566666667
37.0644166666667
0
1.70146666666667
0
3.28948333333333
0.984899999999996
1.29268333333334
0
3.37705000000000
0
4.68771666666667
13.5160833333333
51.0213000000000
190.484400000000
294.905983333333
646.239933333333
485.721716666667
616.499900000000
789.441083333333
1144.44998333333
793.336316666666
674.557150000000
306.639366666667
142.592783333333
25.6011333333333
0
0.0618333333333290
2.73191666666667
1.33970000000000
0
2.27285000000000
0
0
0
3.39991666666667
5.86561666666666
68.8212833333334
186.053200000000
364.608200000000
520.158066666667
481.412950000000
472.071566666667
479.451650000000
360.209450000000
378.655833333333
561.796400000000
249.514483333333
78.4821500000000
35.2458333333333
0.635483333333339
0.528400000000000
0
0.205783333333329
0
1.83418333333334
0
0
0.644366666666668
0
9.66706666666667
40.7327833333333
160.648616666667
561.492433333334
894.277466666667
746.778450000000
848.185266666667
1173.45400000000
1113.33031666667
961.398200000000
873.040283333334
642.045533333333
237.654716666667
42.1145500000000
0
0
3.37993333333333
0.300933333333335
0
1.55158333333334
4.79200000000000
2.23310000000000
0
1.85476666666666
4.62860000000000
50.0416833333334
86.9909500000000
220.076933333333
651.931766666667
1032.37865000000
1086.42810000000
1069.72585000000
1033.81693333333
1048.89956666667
816.997933333333
631.347083333334
183.984800000000
54.4215166666667
1.88893333333333
0
0
0
0
3.98188333333334
1.42405000000000
0.139833333333334
0
0.543950000000001
13.7590000000000
58.8759000000000
149.719516666667
623.959266666667
843.194816666667
855.728233333333
1044.13298333333
591.506266666666
435.543366666667
152.016900000000
272.707516666667
261.939250000000
191.947283333333
56.5259000000000
6.12701666666667
4.03001666666667
0
0.304850000000000
1.07038333333334
0
0
0.827366666666672
2.61443333333334
5.21530000000000
6.83243333333333
30.7001833333333
28.1150333333333
112.560050000000
406.852516666667
648.459683333333
700.832433333333
875.709766666667
693.446983333334
1061.20998333333
908.138050000000
248.359366666667
87.0563500000000
14.7616833333333
3.02323333333334
0
0
0
0
1.08106666666667
3.66640000000000
3.33500000000000
7.38733333333333
0
3.84101666666666
58.0622166666666
94.9984333333333
498.642966666666
804.206850000000
992.937050000000
1064.58258333333
1042.18478333333
1006.67683333333
962.110616666667
787.456200000000
305.533333333334
159.633133333333
72.3635833333333
0
0
0
0
0
0
5.28615000000000
0
0
2.17350000000000
3.92955000000000
57.7276000000000
162.095033333333
593.665700000000
616.419416666667
527.993683333333
463.765966666667
734.201383333334
801.116650000000
1034.03603333333
884.620783333334
683.458933333333
231.451366666667
27.2352500000000
0
0.0197166666666604
4.18521666666667
0.882349999999997
4.32105000000000
1.26846666666667
0
0
0.333583333333328
3.89055000000001
8.52096666666666
76.9127666666666
210.175466666667
507.510166666667
515.624666666667
612.918866666666
788.852283333334
864.269233333334
575.974950000000
508.498533333333
351.980850000000
101.384883333333
124.192483333333
23.9754833333333
3.91625000000001
0.787100000000004
6.36715000000000
0
0
0
0
0
0
0.498116666666666
3.52753333333334
39.4268833333333
136.140500000000
418.912833333333
707.517100000000
897.344433333333
977.824966666667
971.616733333333
960.501783333333
447.533200000000
354.347950000000
346.763433333333
220.091300000000
43.5316333333333
3.27163333333334
0
0
4.72205000000000
0
1.72675000000000
0
0
3.43736666666666
2.59348333333334
2.23573333333334
40.3768000000000
59.8575500000000
612.758850000000
851.684983333333
1028.11255000000
1136.04560000000
1085.35978333333
1039.94680000000
1037.93190000000
704.218116666667
344.465900000000
175.601116666667
42.6166500000000
8.56273333333333
0
0.480316666666665
2.43895000000000
0
0
1.93570000000000
0
0
0
4.82036666666667
44.9439166666667
90.8218333333333
338.988900000000
264.457750000000
438.198833333333
793.642466666667
954.875616666666
999.290983333333
977.411050000000
887.451683333333
676.750466666667
217.400483333333
45.6601500000000
0.455150000000009
0
0
5.07058333333334
2.07036666666667
0
0
0
3.01208333333333
0
5.29775000000001
44.6435833333333
133.847466666667
577.731466666667
826.033233333333
861.207116666667
896.380966666667
931.554816666667
966.728633333333
918.968650000000
759.788683333334
535.657583333334
266.386933333333
32.5006000000000
0.0462166666666697
2.80873333333333
4.91595000000000
2.51186666666667
1.31321666666667
0
0
0
2.43886666666667
0.214866666666667
0
22.7820833333333
151.217700000000
376.528650000000
518.235566666666
400.256350000000
546.650433333333
647.690700000000
473.086666666667
407.778616666667
362.126833333333
248.163016666667
92.6575000000000
21.6715833333333
2.05040000000000
0
1.55056666666666
0
0
0.800566666666672
0
0
1.70361666666667
0
0.962400000000002
48.7233666666667
197.787516666667
395.221483333333
663.012666666666
941.144500000000
995.624716666667
1023.92478333333
721.333433333334
288.473000000000
237.328816666667
131.082083333333
73.3280500000000
18.7656500000000
1.72671666666667
0
0
0
0
0
1.40330000000000
0
0
0
0
31.0660666666667
163.221566666667
319.074483333333
529.368633333333
650.732616666667
679.456533333333
451.120900000000
379.849866666667
364.047100000000
170.270816666667
137.188700000000
114.044216666667
56.2198333333333
0.748133333333335
5.58801666666667
2.35805000000000
1.86045000000000
0
0.932183333333335
0
0
2.33028333333334
4.35506666666667
0
34.6898833333333
143.968016666667
499.162500000000
727.523700000000
524.114533333334
659.201066666667
771.983200000000
907.667450000000
877.549833333334
427.284050000000
303.476700000000
150.838100000000
38.4864000000000
0.681416666666664
0
0
0.916149999999998
0
3.95766666666667
0
0
0
0
5.43651666666667
43.8241000000000
161.061983333333
460.893600000000
490.896850000000
633.825683333333
941.536166666667
918.893950000000
792.868683333334
976.073866666667
833.989716666667
447.504866666667
203.550083333333
44.2991000000000
0.472983333333337
2.27921666666667
4.79186666666667
0.458499999999997
0.173566666666670
0
0
2.70158333333333
0
4.19918333333333
0.0229333333333290
35.7800833333333
142.966450000000
346.766133333334
721.899100000000
666.398666666666
884.279300000000
1000.63131666667
1020.89556666667
802.153916666666
367.607233333333
396.912100000000
143.059933333333
24.6141333333334
1.02371666666667
0
1.84245000000000
0
0
1.03863333333333
0
0
3.42896666666667
0
0
28.2502666666667
61.6858666666667
137.839516666667
92.9527166666667
140.047733333333
215.240933333333
260.521716666667
153.083950000000
75.1311166666667
162.741616666667
155.288850000000
122.125466666667
11.7324166666667
6.06291666666666
4.62650000000000
0.532566666666659
0.726100000000001
2.60873333333334
0
4.82635000000000
0
0
0
1.93146666666667
32.0329000000000
122.165500000000
139.858400000000
276.655100000000
380.575633333333
413.622900000000
238.050816666667
358.175966666667
364.188383333333
295.912666666667
294.089950000000
119.374000000000
52.0108833333334
0
0
0
0
0
0.260733333333329
2.24461666666666
0
0
1.52878333333334
1.11818333333333
41.9747500000000
141.947050000000
319.348100000000
579.338833333334
644.232850000000
1049.49386666667
1017.33365000000
1089.01955000000
1025.64598333333
877.078600000000
731.092200000000
301.829016666667
51.8173833333333
0
1.09801666666667
0
0
0
0
0
0
0
0.240350000000001
4.27841666666666
42.9529000000000
66.8228500000000
538.671866666667
801.725600000000
1015.06460000000
1141.18263333333
1158.13145000000
1122.96116666667
1026.43325000000
884.334650000000
607.892233333333
102.002500000000
63.0614000000000
1.84628333333333
0
0
0
0
1.15248333333333
2.45868333333333
0
2.69223333333333
1.60531666666666
0
31.6009666666666
63.0284500000000
518.620666666667
794.636016666667
994.984333333334
1062.21188333333
994.016116666667
968.420133333333
964.614250000000
886.937866666666
546.370133333334
105.910083333333
47.7968333333333
0
1.66263333333333
4.23555000000000
0
4.37666666666667
0
0
0
0
0
0
53.9464500000000
145.080583333333
244.267450000000
728.617116666667
864.075483333333
963.391416666667
972.889783333333
914.507516666666
711.262816666667
104.950850000000
19.2910166666667
3.87488333333334
0
0
1.04863333333334
0.821433333333330
0
0
0
0
0
0
1.65266666666667
4.79445000000000
48.6315333333333
116.723550000000
397.679816666667
754.468583333333
686.181100000000
625.070366666667
546.500400000000
478.263000000000
418.009900000000
406.049950000000
153.121550000000
69.2350500000000
35.9940666666667
0.597016666666670
2.64530000000000
0
5.44536666666667
0
0
0
0
1.60366666666667
0
1.20186666666667
34.4429500000000
116.161883333333
234.331300000000
267.863683333333
150.754800000000
205.865083333333
194.910150000000
41.2911333333333
70.5287666666667
134.253933333333
96.7933000000000
94.8830000000000
5.94166666666667
0.418716666666670
0
0
0
0
1.22530000000000
0
6.88413333333333
6.53550000000000
0
3.26178333333334
17.8504666666667
87.1733166666666
143.105766666667
382.516950000000
453.042200000000
608.855433333333
633.845316666666
477.689233333333
188.767866666667
76.1266333333334
61.6920166666667
92.1350833333333
52.5693333333333
0.0479166666666657
3.67606666666667
2.13415000000000
0
0
5.36181666666667
0
0
0
0
0
27.0397333333333
60.1824166666667
411.636616666667
711.918183333333
980.443100000000
1082.19180000000
1190.90461666667
1121.23985000000
822.993950000000
404.346466666667
299.507383333333
210.255033333333
46.2721166666667
0
0
0
0.0109500000000011
0
3.22070000000000
5.33145000000001
0
1.88131666666667
0
0
19.2302666666667
51.9131833333334
415.105133333333
785.541833333334
980.218116666667
1112.83760000000
1167.91540000000
1140.30301666667
644.387950000000
562.655950000000
309.912883333333
141.210950000000
19.3492166666667
4.72996666666667
0
0
0
0
0.983866666666668
0
2.04230000000000
2.87560000000000
0
0
22.2123333333333
78.1678166666667
403.020766666667
781.439366666667
796.698516666666
695.799133333334
602.176450000000
415.437833333334
166.423483333333
120.674350000000
87.3937166666667
27.3656000000000
1.34583333333333
0
7.53133333333333
0
0
0
3.01453333333333
0
0
3.93688333333333
1.35141666666667
3.59711666666667
39.0216333333333
171.355133333333
375.014800000000
856.203783333333
1011.07196666667
1129.48210000000
1207.80150000000
1089.56940000000
1068.64476666667
826.998366666667
446.993383333333
56.7383333333334
31.4820833333333
0
0
0
1.30811666666667
0
4.45140000000000
0.441916666666668
0
2.40818333333333
0
1.46298333333333
14.7203000000000
33.4917000000000
47.9265833333333
20.6128000000000
41.7066666666667
199.916433333333
135.467300000000
130.649816666667
84.2158500000000
134.964316666667
91.5019333333333
78.3232500000000
25.0279166666667
1.09806666666667
5.01688333333334
0.206000000000001
0
3.13033333333334
0