temperatures(°C)
24.1448333333333
23.9529000000000
23.8073500000000
23.4590833333333
23.2183333333333
23.5047166666667
22.9605000000000
23.6120333333333
23.7883333333333
23.6365500000000
24.3535166666667
24.9693833333333
26.5970333333333
26.1880833333333
25.8921500000000
25.2254000000000
24.8188166666667
23.5703833333333
22.6518666666667
22.0791333333333
21.4986500000000
21.6711000000000
21.7618000000000
21.6486666666667
21.3063000000000
21.0440166666667
20.9642333333333
21.1480833333333
21.1861500000000
21.0075000000000
21.6862500000000
22.1505333333333
22.2803500000000
23.0055000000000
22.7101833333333
24.2046333333333
24.4853500000000
25.2202166666667
24.8394833333333
24.3031833333333
23.3806166666667
23.1662166666667
22.7590000000000
22.4771166666667
22.3840500000000
21.9659000000000
21.7277333333333
21.6775166666667
21.9243500000000
22.1839833333333
22.3198166666667
22.4287166666667
22.4694166666667
22.5126000000000
22.9621333333333
24.0333166666667
25.1911666666667
26.8199500000000
26.6198333333333
26.5281000000000
26.6949000000000
26.4147000000000
25.9557333333333
26.9397000000000
26.0452500000000
24.8103333333333
24.1138666666667
23.4576666666667
23.2512666666667
23.2046833333333
22.8073166666667
22.6572666666667
22.6442500000000
22.4904666666667
22.3130333333333
22.0954500000000
21.9692500000000
21.7731500000000
22.1405000000000
23.6732833333333
25.1280666666667
26.1833500000000
26.9658000000000
26.9531333333333
27.8164833333333
28.0888500000000
28.5492500000000
28.3741166666667
28.1324166666667
26.6212333333333
25.1973500000000
24.2597500000000
24.2132666666667
24.2829500000000
23.7732333333333
23.0664166666667
22.9046000000000
22.5369000000000
22.3710166666667
22.4834833333333
22.4772166666667
22.6263666666667
22.8796333333333
23.3661500000000
24.1486333333333
26.4161000000000
29.2138500000000
29.2340166666667
28.3148500000000
28.6521166666667
28.8829166666667
28.3696500000000
27.6485000000000
26.5392666666667
25.9806500000000
25.7190166666667
25.7082500000000
25.5132333333333
25.2021000000000
25.1774666666667
25.1368500000000
25.0023000000000
25.0534500000000
24.9014166666667
24.9790166666667
24.9464666666667
25.5116166666667
26.5938666666667
28.8104833333333
30.8108666666667
30.7935000000000
30.1339333333333
29.7914500000000
27.6532666666667
25.7282000000000
24.4600000000000
24.7809500000000
25.7054500000000
24.9619000000000
24.3094000000000
23.3954333333333
23.9076000000000
24.1069333333333
23.9393000000000
23.8644333333333
23.6376500000000
23.0959333333333
23.3955000000000
23.4108500000000
23.6998666666667
23.6562500000000
23.6878166666667
23.7744166666667
24.9591500000000
26.3873166666667
26.7421833333333
27.7034333333333
27.8602500000000
28.7065333333333
28.1353500000000
26.5561833333333
25.7270333333333
25.1716833333333
25.0178166666667
24.8775833333333
24.7008000000000
24.7708333333333
24.6256000000000
24.4076833333333
24.4743000000000
24.3515833333333
24.5309000000000
24.1892666666667
23.9027666666667
24.5609833333333
25.6106666666667
27.4870666666667
28.4510666666667
28.5857833333333
29.1386166666667
29.4396833333333
29.3747833333333
29.4752333333333
29.2089333333333
27.8918000000000
26.8367500000000
26.5868833333333
25.9359166666667
26.0947333333333
26.1937333333333
26.0862666666667
25.9167833333333
26.0041333333333
25.7893000000000
25.6759666666667
25.5265666666667
25.5375666666667
25.9223333333333
26.0186833333333
26.9038333333333
29.2704166666667
28.3537833333333
27.2613000000000
26.9848000000000
27.6112500000000
27.6146333333333
28.2460166666667
28.1823833333333
27.5609166666667
26.6635833333333
25.9815166666667
26.6093333333333
27.0419333333333
26.9565500000000
26.0903833333333
25.7022000000000
23.8152333333333
22.6232833333333
21.7251666666667
22.5358166666667
22.8595166666667
22.9833000000000
23.6220333333333
24.8015833333333
26.5796500000000
28.1563333333333
27.0411333333333
27.4934666666667
27.8108333333333
26.7252666666667
26.1986500000000
25.8283500000000
25.2297833333333
25.3323166666667
25.4193666666667
25.5333666666667
25.6470333333333
25.5373166666667
25.5021833333333
25.4167666666667
25.1970666666667
25.3071833333333
24.5828166666667
23.9615000000000
23.9052333333333
23.5925500000000
24.1512000000000
25.6870000000000
26.8378666666667
28.1542666666667
28.4612166666667
28.8193333333333
29.1345333333333
29.3584833333333
27.9968000000000
27.3544333333333
27.0820000000000
26.3611166666667
25.5974500000000
25.1467500000000
24.6203166666667
24.2739500000000
23.8940666666667
23.7079666666667
23.2513333333333
22.7313500000000
22.7109500000000
22.3466000000000
21.5056500000000
21.0449000000000
21.5668333333333
22.9270166666667
25.4375333333333
26.9868833333333
28.3873333333333
29.0681666666667
29.3019833333333
28.9512333333333
28.8694500000000
28.3804833333333
27.1578333333333
26.4304666666667
25.6285666666667
24.4790166666667
24.2698500000000
24.0470166666667
24.0157500000000
23.9426166666667
23.8501500000000
23.8906000000000
23.6256166666667
23.6090166666667
23.5767500000000
23.3864166666667
23.7116666666667
24.2278333333333
25.1748333333333
25.6924500000000
26.6624833333333
27.3639166666667
27.8052833333333
27.8351666666667
27.8122000000000
28.0512666666667
27.1666500000000
26.2336500000000
25.5884333333333
25.1011000000000
25.0067333333333
25.0751333333333
25.0549000000000
25.0414666666667
24.8041666666667
24.5489166666667
24.2430000000000
23.9328166666667
23.7295500000000
23.8632000000000
24.0994166666667
24.9845666666667
26.5354333333333
28.0843000000000
28.8920291666667
29.6997583333333
30.5074875000000
31.3152166666667
27.5627000000000
26.7187833333333
27.0372500000000
28.1138666666667
26.9650333333333
26.5702166666667
26.4804500000000
26.4898000000000
26.2648500000000
26.2394333333333
26.3653833333333
26.2915666666667
26.2725500000000
26.1969000000000
26.3158833333333
25.5824666666667
24.3902000000000
25.0732000000000
26.3827333333333
26.1599166666667
24.4796500000000
25.3483000000000
25.6006833333333
23.9355166666667
23.9472000000000
24.0588166666667
23.6735166666667
22.9660833333333
22.4146000000000
22.1181666666667
22.0409000000000
21.9082500000000
21.7136000000000
21.4143333333333
21.1514500000000
20.9919833333333
20.6842666666667
20.5214166666667
20.1754333333333
19.9670833333333
20.0509833333333
21.3284666666667
22.6438166666667
24.0079666666667
24.9232000000000
25.1649833333333
25.6655666666667
25.6941000000000
24.4218166666667
23.7241833333333
22.9869333333333
22.6244000000000
22.1823333333333
21.8804333333333
21.8811166666667
21.7546666666667
21.6598000000000
21.7731666666667
21.8466666666667
21.2968000000000
21.2422166666667
21.0602833333333
20.5784000000000
20.3381333333333
20.7409833333333
22.0169500000000
23.5228833333333
24.4541500000000
25.5087833333333
26.0134500000000
25.2540666666667
24.7556333333333
24.9532833333333
24.4299166666667
23.9011833333333
23.8080833333333
23.7810000000000
23.2823000000000
23.2202500000000
22.7679666666667
22.9452833333333
23.0006500000000
22.8289500000000
22.1514666666667
21.5953833333333
21.5404666666667
21.7910166666667
21.6951333333333
21.6189833333333
22.5733166666667
24.2539000000000
25.3860166666667
25.8469666666667
25.9700666666667
25.8701000000000
26.5792666666667
26.3670166666667
25.3823500000000
24.7704666666667
24.5070666666667
24.5213000000000
23.9429166666667
23.5555333333333
23.5220833333333
23.6908333333333
23.6709500000000
23.6834500000000
23.2656833333333
22.8908166666667
22.7372666666667
22.4839666666667
22.4040000000000
22.8100833333333
23.7884166666667
25.3789166666667
26.3749666666667
26.3881666666667
26.6537000000000
27.0115500000000
26.8155000000000
27.0699833333333
27.0170333333333
26.1256166666667
25.2075333333333
24.3354500000000
24.3666833333333
24.5990000000000
24.3803166666667
24.4651000000000
24.0128000000000
23.5490000000000
23.4324833333333
23.2622000000000
23.3708333333333
23.5471333333333
23.4107833333333
23.5349500000000
24.2281500000000
24.6132333333333
26.1740666666667
26.2623833333333
26.5677833333333
27.3942000000000
27.6939666666667
27.1915666666667
25.9830166666667
25.5834833333333
24.5507166666667
23.8619166666667
23.6788833333333
23.6243166666667
23.6754333333333
23.4800166666667
23.2494500000000
23.1238166666667
23.1705166666667
23.2633666666667
23.2935166666667
23.3089666666667
23.2436500000000
23.2665833333333
23.4973000000000
24.0761000000000
23.9624000000000
24.1976500000000
24.8396833333333
24.6922000000000
24.0627833333333
21.8643333333333
21.6326166666667
21.8179166666667
21.9755500000000
21.4014666666667
20.8150000000000
20.8019500000000
20.5621500000000
20.8263500000000
21.2863666666667
21.1159833333333
21.0158500000000
20.9288333333333
21.1298333333333
20.8825833333333
20.5458166666667
20.2960666666667
20.4584333333333
20.6673500000000
21.1358833333333
21.8506166666667
23.0876500000000
21.9012000000000
21.7513833333333
21.6113666666667
21.7610333333333
22.4467166666667
22.3002500000000
22.3705500000000
21.9111500000000
21.7587000000000
21.2109333333333
21.2806000000000
20.6053333333333
20.8359666666667
20.3396833333333
20.1588000000000
20.1169500000000
19.9919333333333
20.3032666666667
20.2395333333333
20.6746000000000
21.6590666666667
23.9474166666667
23.8341333333333
24.3642666666667
25.1253666666667
25.6808666666667
26.0446500000000
26.1797000000000
25.8696000000000
24.8532500000000
23.5916000000000
22.8874000000000
22.6062833333333
22.3146666666667
22.0334666666667
21.8286833333333
21.5410333333333
21.3823333333333
21.0919833333333
20.5670166666667
19.9921166666667
19.3910666666667
19.8645333333333
21.2353333333333
23.6416666666667
25.4393166666667
26.5977333333333
26.9503166666667
27.7251666666667
27.2844333333333
27.4212500000000
27.6410500000000
27.3894000000000
26.5589166666667
24.7459333333333
23.6661833333333
22.9608833333333
22.4046666666667
22.0292166666667
22.6255833333333
22.7665666666667
22.7357166666667
22.6119500000000
22.3153833333333
22.2685333333333
22.1359500000000
22.2583833333333
23.0682166666667
24.6933000000000
26.2657500000000
28.0096166666667
29.1939666666667
27.7276500000000
27.7727166666667
27.4930500000000
27.3664333333333
27.3861500000000
26.1322166666667
25.5344833333333
24.8346000000000
24.3700500000000
24.1430000000000
23.8376166666667
23.9320666666667
23.7926333333333
23.8402833333333
23.7718166666667
23.9884000000000
23.8827000000000
23.9115833333333
24.0170333333333
24.5363333333333
25.3911833333333
27.0805833333333
28.9203666666667
29.8590333333333
29.7594833333333
27.8696000000000
26.8215166666667
25.4630166666667
25.2542666666667
24.8999166666667
23.9443000000000
23.8724666666667
24.4774166666667
25.1186000000000
24.5826333333333
23.4051000000000
23.0878833333333
23.2689500000000
23.4311666666667
23.3177166666667
23.3698166666667
23.4438000000000
23.6184333333333
24.3857666666667
26.2578333333333
27.4041500000000
26.9641833333333
26.9371333333333
27.2446166666667
27.5834500000000
27.1679666666667
27.0056166666667
26.1105833333333
25.4365000000000
25.0775333333333
24.6469833333333
24.3397500000000
23.9683000000000
23.9182666666667
23.9060166666667
23.9668000000000
23.6630000000000
23.5483000000000
23.2907000000000
23.2331833333333
23.3957500000000
23.9219000000000
24.3154666666667
25.2138500000000
26.4427000000000
26.2286000000000
26.8958500000000
27.2901500000000
25.3040333333333
23.9605833333333
23.9490333333333
24.0812000000000
24.1952333333333
23.8778000000000
23.5581333333333
23.7096333333333
23.8557333333333
23.7742833333333
23.9686833333333
24.2301500000000
23.9050666666667
23.7343000000000
23.6535833333333
23.7322333333333
24.1462000000000
24.2076333333333
24.5613500000000
24.9330166666667
26.2599833333333
27.2082666666667
28.5649666666667
27.9658333333334
27.6443500000000
27.0143666666667
26.3710500000000
24.9254833333333
22.8886000000000
23.2169166666667
23.2908000000000
24.0463166666667
24.4740833333333
24.4420500000000
23.9698000000000
23.8732000000000
23.9673666666667
23.6376666666667
23.7538166666667
23.9007833333333
23.3761666666667
23.3181333333333
23.9058666666667
26.0611333333333
27.6339666666667
28.0403000000000
28.1035500000000
28.2920333333333
29.2144500000000
28.9371833333333
27.8250500000000
27.1524666666667
26.6646666666667
26.0723833333333
25.7185000000000
25.5155500000000
24.4460166666667
24.0142000000000
23.2104666666667
23.2409500000000
23.2790666666667
23.7761000000000
23.6249166666667
23.2125833333333
23.6233833333333
23.3882500000000
23.8912000000000
25.9831166666667
27.0602000000000
27.2106000000000
27.7942333333333
27.8445333333333
27.9630833333333
27.0177833333333
26.7934333333333
26.1322666666667
25.6531333333333
25.0610000000000
24.8337166666667
24.6280666666667
24.1753166666667
24.1031166666667
23.9835000000000
23.7068000000000
23.5194333333333
23.3136333333333
23.2429833333333
23.0947833333333
22.5777833333333
22.6852833333333
23.6630833333333
25.6641166666667
27.4747000000000
28.0830833333333
28.5997500000000
27.9042333333333
27.3257833333333
25.9591333333333
25.8035833333333
25.4672833333333
25.0254166666667
24.7602500000000
23.9490166666667
23.9778333333333
24.1382333333333
23.6880500000000
23.8753000000000
23.8048333333333
23.6055500000000
23.2201000000000
23.4651000000000
23.2814833333333
23.3626500000000
23.4518000000000
24.2571000000000
25.7832166666667
27.7882666666667
28.9674333333333
28.6990166666667
29.1349833333333
28.9335000000000
28.8885333333333
28.2753500000000
27.4075166666667
26.1981000000000
24.6855666666667
24.2746166666667
23.9191000000000
22.6761500000000
22.5176500000000
22.7595166666667
22.7147333333333
22.8731833333333
22.6229666666667
22.0393166666667
22.0331166666667
22.0447666666667
22.6225000000000
22.3911333333333
22.2118833333333
22.7433500000000
23.2339000000000
23.7451000000000
23.6006000000000
23.6791833333333
23.6054166666667
23.7832666666667
24.0168166666667
24.1375000000000
24.1422333333333
24.0496333333333
24.0124000000000
23.9411166666667
24.0814166666667
23.9495833333333
23.8377333333333